利用ml5.js來撰寫Face Mesh Model功能 
針對FaceMesh內的編號為
嘴唇
409,270,269,267,0,37,39,40,185,61,146,91,181,84,17,314,405,321,375,291
76,77,90,180,85,16,315,404,320,307,306,408,304,303,302,11,72,73,74,184
左眼
243,190,56,28,27,29,30,247,130,25,110,24,23,22,26,112
133,173,157,158,159,160,161,246,33,7,163,144,145,153,154,155
右眼
359,467,260,259,257,258,286,414,463,341,256,252,253,254,339,255
263,466,388,387,386,385,384,398,362,382,381,380,374,373,390,249 
利用line指令畫線，把所有編號點都連在一起
線條的顏色為紅色，粗細為15
程式碼寫在sketch.js
---
要使用mi5.js
index.html也要加入內容
mi5.js連結https://thecodingtrain.com/tracks/ml5js-beginners-guide/ml5/facemesh